10	1	True	1337	0.3989	0.4021
10	2	True	1337	0.423716666667	0.4278
10	3	True	1337	0.4247	0.4289
10	4	True	1337	0.426033333333	0.4269
10	5	True	1337	0.426016666667	0.4293
10	6	True	1337	0.42665	0.4329
10	7	True	1337	0.428316666667	0.4331
10	8	True	1337	0.430966666667	0.4347
10	9	True	1337	0.4349	0.4372
10	10	True	1337	0.42695	0.4278
20	2	True	1337	0.490016666667	0.4882
20	4	True	1337	0.4967	0.4973
20	6	True	1337	0.495033333333	0.4957
20	8	True	1337	0.495216666667	0.494
20	10	True	1337	0.494733333333	0.4957
20	12	True	1337	0.496233333333	0.4964
20	14	True	1337	0.4971	0.495
20	16	True	1337	0.499583333333	0.4975
20	18	True	1337	0.502933333333	0.5025
20	20	True	1337	0.500966666667	0.5036
50	5	True	1337	0.532883333333	0.529
50	10	True	1337	0.535016666667	0.5311
50	15	True	1337	0.535316666667	0.5325
50	20	True	1337	0.536166666667	0.5329
50	25	True	1337	0.537	0.5349
50	30	True	1337	0.538583333333	0.5355
50	35	True	1337	0.541466666667	0.5381
50	40	True	1337	0.545533333333	0.5413
50	45	True	1337	0.548683333333	0.544
50	50	True	1337	0.540466666667	0.5416
100	1	True	1337	0.529966666667	0.5283
100	2	True	1337	0.5666	0.5683
100	3	True	1337	0.580383333333	0.5856
100	4	True	1337	0.58565	0.5907
100	5	True	1337	0.589983333333	0.5933
100	6	True	1337	0.592533333333	0.5952
100	7	True	1337	0.593416666667	0.5958
100	8	True	1337	0.594033333333	0.5966
100	9	True	1337	0.594183333333	0.5974
100	10	True	1337	0.594583333333	0.5974
100	11	True	1337	0.59475	0.5976
100	12	True	1337	0.59505	0.5973
100	13	True	1337	0.595316666667	0.5975
100	14	True	1337	0.5953	0.5975
100	15	True	1337	0.595583333333	0.5976
100	16	True	1337	0.5955	0.5977
100	17	True	1337	0.595666666667	0.5978
100	18	True	1337	0.595766666667	0.5978
100	19	True	1337	0.5958	0.5975
100	20	True	1337	0.595766666667	0.5976
100	21	True	1337	0.59565	0.5978
100	22	True	1337	0.5956	0.5978
100	23	True	1337	0.595666666667	0.5977
100	24	True	1337	0.595733333333	0.5978
100	25	True	1337	0.59565	0.5977
100	26	True	1337	0.595583333333	0.5977
100	27	True	1337	0.595633333333	0.5978
100	28	True	1337	0.595533333333	0.5978
100	29	True	1337	0.5955	0.5981
100	30	True	1337	0.595583333333	0.5982
100	31	True	1337	0.595666666667	0.5982
100	32	True	1337	0.595766666667	0.5983
100	33	True	1337	0.595766666667	0.5986
100	34	True	1337	0.595866666667	0.5984
100	35	True	1337	0.595916666667	0.5982
100	36	True	1337	0.595866666667	0.5981
100	37	True	1337	0.595816666667	0.5981
100	38	True	1337	0.595783333333	0.5983
100	39	True	1337	0.59575	0.5988
100	40	True	1337	0.5959	0.5985
100	41	True	1337	0.595916666667	0.5984
100	42	True	1337	0.595983333333	0.5987
100	43	True	1337	0.595766666667	0.5984
100	44	True	1337	0.595816666667	0.5988
100	45	True	1337	0.59585	0.5987
100	46	True	1337	0.596066666667	0.5988
100	47	True	1337	0.59605	0.5991
100	48	True	1337	0.596216666667	0.599
100	49	True	1337	0.596116666667	0.5992
100	50	True	1337	0.5961	0.5994
100	51	True	1337	0.596133333333	0.5998
100	52	True	1337	0.596116666667	0.5993
100	53	True	1337	0.596266666667	0.5993
100	54	True	1337	0.5963	0.5991
100	55	True	1337	0.596216666667	0.5994
100	56	True	1337	0.596316666667	0.5998
100	57	True	1337	0.596433333333	0.5997
100	58	True	1337	0.596583333333	0.5994
100	59	True	1337	0.5967	0.5995
100	60	True	1337	0.596833333333	0.5999
100	61	True	1337	0.596916666667	0.6002
100	62	True	1337	0.597166666667	0.6001
100	63	True	1337	0.597133333333	0.6002
100	64	True	1337	0.59755	0.6006
100	65	True	1337	0.597283333333	0.6005
100	66	True	1337	0.597533333333	0.6
100	67	True	1337	0.59765	0.6001
100	68	True	1337	0.59775	0.601
100	69	True	1337	0.59815	0.601
100	70	True	1337	0.5983	0.6018
100	71	True	1337	0.598333333333	0.6015
100	72	True	1337	0.598766666667	0.6018
100	73	True	1337	0.598666666667	0.6025
100	74	True	1337	0.5989	0.6031
100	75	True	1337	0.598683333333	0.6031
100	76	True	1337	0.598516666667	0.6034
100	77	True	1337	0.598433333333	0.6031
100	78	True	1337	0.598516666667	0.6034
100	79	True	1337	0.598666666667	0.604
100	80	True	1337	0.599383333333	0.6038
100	81	True	1337	0.599566666667	0.6039
100	82	True	1337	0.59995	0.6048
100	83	True	1337	0.5999	0.6062
100	84	True	1337	0.600116666667	0.606
100	85	True	1337	0.600333333333	0.6051
100	86	True	1337	0.6007	0.6053
100	87	True	1337	0.601066666667	0.6066
100	88	True	1337	0.600916666667	0.6073
100	89	True	1337	0.601333333333	0.6066
100	90	True	1337	0.601833333333	0.6061
100	91	True	1337	0.602433333333	0.6063
100	92	True	1337	0.60245	0.6075
100	93	True	1337	0.602483333333	0.6077
100	94	True	1337	0.602916666667	0.6085
100	95	True	1337	0.603383333333	0.6051
100	96	True	1337	0.60325	0.6042
100	97	True	1337	0.601366666667	0.6045
100	98	True	1337	0.60135	0.6042
100	99	True	1337	0.6014	0.6051
100	100	True	1337	0.602633333333	0.605
1000	10	True	1337	0.686783333333	0.6808
1000	20	True	1337	0.724816666667	0.718
1000	30	True	1337	0.745933333333	0.7386
1000	40	True	1337	0.75775	0.7534
1000	50	True	1337	0.768283333333	0.7633
1000	60	True	1337	0.775466666667	0.7719
1000	70	True	1337	0.781433333333	0.7785
1000	80	True	1337	0.78565	0.7846
1000	90	True	1337	0.790033333333	0.7882
1000	100	True	1337	0.793566666667	0.7922
1000	110	True	1337	0.796716666667	0.7948
1000	120	True	1337	0.7988	0.7987
1000	130	True	1337	0.800883333333	0.7999
1000	140	True	1337	0.802866666667	0.8012
1000	150	True	1337	0.804216666667	0.8039
1000	160	True	1337	0.805666666667	0.8067
1000	170	True	1337	0.807033333333	0.8069
1000	180	True	1337	0.80725	0.8093
1000	190	True	1337	0.808483333333	0.8097
1000	200	True	1337	0.808966666667	0.8111
1000	210	True	1337	0.809783333333	0.812
1000	220	True	1337	0.8105	0.8125
1000	230	True	1337	0.8108	0.8128
1000	240	True	1337	0.811	0.8123
1000	250	True	1337	0.81165	0.8139
1000	260	True	1337	0.811933333333	0.814
1000	270	True	1337	0.811883333333	0.8137
1000	280	True	1337	0.811866666667	0.8137
1000	290	True	1337	0.811716666667	0.8138
1000	300	True	1337	0.812016666667	0.8137
1000	310	True	1337	0.812233333333	0.8138
1000	320	True	1337	0.812316666667	0.8138
1000	330	True	1337	0.812483333333	0.814
1000	340	True	1337	0.8125	0.8138
1000	350	True	1337	0.812616666667	0.8142
1000	360	True	1337	0.812666666667	0.8143
1000	370	True	1337	0.8126	0.8148
1000	380	True	1337	0.8125	0.8145
1000	390	True	1337	0.812483333333	0.8144
1000	400	True	1337	0.812533333333	0.8144
1000	410	True	1337	0.812466666667	0.8142
1000	420	True	1337	0.8125	0.8143
1000	430	True	1337	0.812433333333	0.8144
1000	440	True	1337	0.812416666667	0.8144
1000	450	True	1337	0.812366666667	0.8142
1000	460	True	1337	0.812383333333	0.8146
1000	470	True	1337	0.812416666667	0.8142
1000	480	True	1337	0.812283333333	0.8143
1000	490	True	1337	0.81235	0.8144
1000	500	True	1337	0.812316666667	0.8144
1000	510	True	1337	0.812616666667	0.8144
1000	520	True	1337	0.812416666667	0.8143
1000	530	True	1337	0.81245	0.8144
1000	540	True	1337	0.812483333333	0.8142
1000	550	True	1337	0.812633333333	0.8145
1000	560	True	1337	0.8129	0.8151
1000	570	True	1337	0.812883333333	0.8152
1000	580	True	1337	0.812966666667	0.8153
1000	590	True	1337	0.813283333333	0.8157
1000	600	True	1337	0.813533333333	0.8158
1000	610	True	1337	0.813433333333	0.8161
1000	620	True	1337	0.813816666667	0.8159
1000	630	True	1337	0.81385	0.8167
1000	640	True	1337	0.81435	0.816
1000	650	True	1337	0.814766666667	0.8161
1000	660	True	1337	0.814916666667	0.8166
1000	670	True	1337	0.8153	0.8161
1000	680	True	1337	0.815633333333	0.8169
1000	690	True	1337	0.816133333333	0.818
1000	700	True	1337	0.816433333333	0.8188
1000	710	True	1337	0.817316666667	0.8182
1000	720	True	1337	0.817816666667	0.8197
1000	730	True	1337	0.818533333333	0.8199
1000	740	True	1337	0.819033333333	0.8201
1000	750	True	1337	0.819816666667	0.8208
1000	760	True	1337	0.820416666667	0.8214
1000	770	True	1337	0.82105	0.8218
1000	780	True	1337	0.8219	0.8219
1000	790	True	1337	0.822983333333	0.8233
1000	800	True	1337	0.824266666667	0.8251
1000	810	True	1337	0.825366666667	0.8274
1000	820	True	1337	0.8261	0.828
1000	830	True	1337	0.826983333333	0.8274
1000	840	True	1337	0.828	0.8294
1000	850	True	1337	0.829183333333	0.8306
1000	860	True	1337	0.830366666667	0.8328
1000	870	True	1337	0.831683333333	0.8328
1000	880	True	1337	0.832916666667	0.8345
1000	890	True	1337	0.834433333333	0.8352
1000	900	True	1337	0.835733333333	0.8398
1000	910	True	1337	0.8372	0.8408
1000	920	True	1337	0.83865	0.8433
1000	930	True	1337	0.840816666667	0.8428
1000	940	True	1337	0.842266666667	0.8448
1000	950	True	1337	0.844033333333	0.8442
1000	960	True	1337	0.844983333333	0.8452
1000	970	True	1337	0.845716666667	0.8471
1000	980	True	1337	0.84575	0.8411
1000	990	True	1337	0.8442	0.8407
1000	1000	True	1337	0.84805	0.844
2000	20	True	1337	0.769	0.7526
2000	40	True	1337	0.811566666667	0.8033
2000	60	True	1337	0.833783333333	0.8284
2000	80	True	1337	0.848366666667	0.8413
2000	100	True	1337	0.85725	0.8529
2000	120	True	1337	0.86395	0.8598
2000	140	True	1337	0.868833333333	0.8642
2000	160	True	1337	0.873316666667	0.8699
2000	180	True	1337	0.876333333333	0.8716
2000	200	True	1337	0.87955	0.8744
2000	220	True	1337	0.88135	0.8747
2000	240	True	1337	0.883916666667	0.8786
2000	260	True	1337	0.885166666667	0.8797
2000	280	True	1337	0.886533333333	0.8807
2000	300	True	1337	0.888216666667	0.882
2000	320	True	1337	0.888816666667	0.8835
2000	340	True	1337	0.88995	0.8839
2000	360	True	1337	0.890616666667	0.8851
2000	380	True	1337	0.890966666667	0.8863
2000	400	True	1337	0.891516666667	0.8871
2000	420	True	1337	0.892116666667	0.8873
2000	440	True	1337	0.8922	0.8874
2000	460	True	1337	0.8927	0.8885
2000	480	True	1337	0.8933	0.8882
2000	500	True	1337	0.893516666667	0.8889
2000	520	True	1337	0.893833333333	0.8893
2000	540	True	1337	0.894083333333	0.8897
2000	560	True	1337	0.89415	0.8895
2000	580	True	1337	0.894266666667	0.8895
2000	600	True	1337	0.8944	0.8899
2000	620	True	1337	0.8946	0.8896
2000	640	True	1337	0.894633333333	0.8894
2000	660	True	1337	0.894466666667	0.8896
2000	680	True	1337	0.894483333333	0.8898
2000	700	True	1337	0.894416666667	0.8895
2000	720	True	1337	0.89435	0.8893
2000	740	True	1337	0.894383333333	0.8892
2000	760	True	1337	0.894383333333	0.8894
2000	780	True	1337	0.894316666667	0.8895
2000	800	True	1337	0.89435	0.8898
2000	820	True	1337	0.894383333333	0.8898
2000	840	True	1337	0.8943	0.8897
2000	860	True	1337	0.894283333333	0.8898
2000	880	True	1337	0.89425	0.8897
2000	900	True	1337	0.894316666667	0.8897
2000	920	True	1337	0.8943	0.8898
2000	940	True	1337	0.894366666667	0.8899
2000	960	True	1337	0.894383333333	0.8901
2000	980	True	1337	0.894416666667	0.89
2000	1000	True	1337	0.8944	0.8901
2000	1020	True	1337	0.894366666667	0.8901
2000	1040	True	1337	0.894433333333	0.8901
2000	1060	True	1337	0.8943	0.8904
2000	1080	True	1337	0.894266666667	0.89
2000	1100	True	1337	0.894483333333	0.8899
2000	1120	True	1337	0.8946	0.8903
2000	1140	True	1337	0.894516666667	0.8902
2000	1160	True	1337	0.894616666667	0.8908
2000	1180	True	1337	0.89465	0.8904
2000	1200	True	1337	0.894783333333	0.8908
2000	1220	True	1337	0.894933333333	0.8904
2000	1240	True	1337	0.89485	0.8906
2000	1260	True	1337	0.895166666667	0.8908
2000	1280	True	1337	0.895333333333	0.891
2000	1300	True	1337	0.895683333333	0.8916
2000	1320	True	1337	0.895783333333	0.8914
2000	1340	True	1337	0.895766666667	0.8914
2000	1360	True	1337	0.896333333333	0.891
2000	1380	True	1337	0.896216666667	0.891
2000	1400	True	1337	0.8966	0.8913
2000	1420	True	1337	0.8967	0.8913
2000	1440	True	1337	0.89705	0.8919
2000	1460	True	1337	0.897516666667	0.8919
2000	1480	True	1337	0.897833333333	0.8927
2000	1500	True	1337	0.8979	0.8935
2000	1520	True	1337	0.898483333333	0.8933
2000	1540	True	1337	0.89885	0.8936
2000	1560	True	1337	0.899183333333	0.895
2000	1580	True	1337	0.8997	0.8942
2000	1600	True	1337	0.900666666667	0.8944
2000	1620	True	1337	0.900933333333	0.8947
2000	1640	True	1337	0.901616666667	0.8957
2000	1660	True	1337	0.90185	0.8958
2000	1680	True	1337	0.902016666667	0.8967
2000	1700	True	1337	0.902283333333	0.8972
2000	1720	True	1337	0.903083333333	0.8978
2000	1740	True	1337	0.903633333333	0.8983
2000	1760	True	1337	0.9042	0.8991
2000	1780	True	1337	0.904733333333	0.8998
2000	1800	True	1337	0.905483333333	0.8993
2000	1820	True	1337	0.906216666667	0.9006
2000	1840	True	1337	0.9071	0.9001
2000	1860	True	1337	0.907566666667	0.9003
2000	1880	True	1337	0.907616666667	0.8986
2000	1900	True	1337	0.90685	0.9007
2000	1920	True	1337	0.9072	0.899
2000	1940	True	1337	0.90615	0.8988
2000	1960	True	1337	0.905316666667	0.8986
2000	1980	True	1337	0.904283333333	0.899
2000	2000	True	1337	0.90475	0.9002
4000	40	True	1337	0.84305	0.8243
4000	80	True	1337	0.8783	0.8623
4000	120	True	1337	0.896266666667	0.8811
4000	160	True	1337	0.906416666667	0.8918
4000	200	True	1337	0.913766666667	0.8996
4000	240	True	1337	0.918033333333	0.9031
4000	280	True	1337	0.921166666667	0.9065
4000	320	True	1337	0.924033333333	0.9093
4000	360	True	1337	0.925783333333	0.9122
4000	400	True	1337	0.9279	0.9141
4000	440	True	1337	0.928466666667	0.9149
4000	480	True	1337	0.930116666667	0.9163
4000	520	True	1337	0.93095	0.9159
4000	560	True	1337	0.931216666667	0.9175
4000	600	True	1337	0.931066666667	0.9178
4000	640	True	1337	0.931583333333	0.9188
4000	680	True	1337	0.93205	0.9188
4000	720	True	1337	0.9324	0.9192
4000	760	True	1337	0.932666666667	0.92
4000	800	True	1337	0.932516666667	0.9211
4000	840	True	1337	0.932833333333	0.9208
4000	880	True	1337	0.932966666667	0.9211
4000	920	True	1337	0.933016666667	0.9216
4000	960	True	1337	0.932766666667	0.9212
4000	1000	True	1337	0.933216666667	0.9215
4000	1040	True	1337	0.9334	0.9221
4000	1080	True	1337	0.9334	0.9222
4000	1120	True	1337	0.93315	0.9225
4000	1160	True	1337	0.933066666667	0.9219
4000	1200	True	1337	0.933133333333	0.9222
4000	1240	True	1337	0.933066666667	0.9222
4000	1280	True	1337	0.932933333333	0.9219
4000	1320	True	1337	0.9329	0.9219
4000	1360	True	1337	0.9328	0.922
4000	1400	True	1337	0.9327	0.9221
4000	1440	True	1337	0.932666666667	0.922
4000	1480	True	1337	0.932733333333	0.9221
4000	1520	True	1337	0.932933333333	0.9224
4000	1560	True	1337	0.932733333333	0.9222
4000	1600	True	1337	0.932883333333	0.9222
4000	1640	True	1337	0.93275	0.9222
4000	1680	True	1337	0.9328	0.9223
4000	1720	True	1337	0.932783333333	0.9222
4000	1760	True	1337	0.932733333333	0.9223
4000	1800	True	1337	0.932716666667	0.9224
4000	1840	True	1337	0.9327	0.9224
4000	1880	True	1337	0.932716666667	0.9225
4000	1920	True	1337	0.932633333333	0.9225
4000	1960	True	1337	0.932683333333	0.9224
4000	2000	True	1337	0.932783333333	0.9223
4000	2040	True	1337	0.93265	0.9222
4000	2080	True	1337	0.932716666667	0.9222
4000	2120	True	1337	0.9329	0.9223
4000	2160	True	1337	0.933033333333	0.9224
4000	2200	True	1337	0.933166666667	0.9227
4000	2240	True	1337	0.933166666667	0.9229
4000	2280	True	1337	0.933166666667	0.9228
4000	2320	True	1337	0.9331	0.9229
4000	2360	True	1337	0.933366666667	0.9226
4000	2400	True	1337	0.933583333333	0.9233
4000	2440	True	1337	0.933616666667	0.9233
4000	2480	True	1337	0.933616666667	0.9233
4000	2520	True	1337	0.933716666667	0.9229
4000	2560	True	1337	0.933966666667	0.9229
4000	2600	True	1337	0.934133333333	0.9231
4000	2640	True	1337	0.934116666667	0.9233
4000	2680	True	1337	0.934233333333	0.923
4000	2720	True	1337	0.9346	0.9228
4000	2760	True	1337	0.934683333333	0.9233
4000	2800	True	1337	0.935083333333	0.9233
4000	2840	True	1337	0.935133333333	0.9229
4000	2880	True	1337	0.934833333333	0.9239
4000	2920	True	1337	0.935266666667	0.9232
4000	2960	True	1337	0.935533333333	0.9241
4000	3000	True	1337	0.935716666667	0.9232
4000	3040	True	1337	0.936183333333	0.9239
4000	3080	True	1337	0.936466666667	0.9232
4000	3120	True	1337	0.936616666667	0.9246
4000	3160	True	1337	0.936916666667	0.9247
4000	3200	True	1337	0.937066666667	0.9243
4000	3240	True	1337	0.937266666667	0.9237
4000	3280	True	1337	0.937366666667	0.923
4000	3320	True	1337	0.93745	0.9232
4000	3360	True	1337	0.937883333333	0.9239
4000	3400	True	1337	0.938016666667	0.9239
4000	3440	True	1337	0.93805	0.924
4000	3480	True	1337	0.938333333333	0.9241
4000	3520	True	1337	0.93805	0.9242
4000	3560	True	1337	0.93855	0.9241
4000	3600	True	1337	0.938766666667	0.9227
4000	3640	True	1337	0.938233333333	0.9235
4000	3680	True	1337	0.938366666667	0.9238
4000	3720	True	1337	0.938033333333	0.9232
4000	3760	True	1337	0.937366666667	0.9227
4000	3800	True	1337	0.9371	0.9227
4000	3840	True	1337	0.936333333333	0.9224
4000	3880	True	1337	0.935183333333	0.9213
4000	3920	True	1337	0.933166666667	0.9186
4000	3960	True	1337	0.930516666667	0.9156
4000	4000	True	1337	0.9186	0.9127
8000	80	True	1337	0.9017	0.8694
8000	160	True	1337	0.930366666667	0.898
8000	240	True	1337	0.942916666667	0.9134
8000	320	True	1337	0.9499	0.9199
8000	400	True	1337	0.953333333333	0.9237
8000	480	True	1337	0.956016666667	0.9264
8000	560	True	1337	0.9578	0.929
8000	640	True	1337	0.95945	0.9306
8000	720	True	1337	0.960283333333	0.9331
8000	800	True	1337	0.960983333333	0.9336
8000	880	True	1337	0.961366666667	0.9342
8000	960	True	1337	0.961416666667	0.9349
8000	1040	True	1337	0.9618	0.9354
8000	1120	True	1337	0.962083333333	0.9365
8000	1200	True	1337	0.961783333333	0.9361
8000	1280	True	1337	0.9616	0.9368
8000	1360	True	1337	0.961666666667	0.9371
8000	1440	True	1337	0.96145	0.9367
8000	1520	True	1337	0.961183333333	0.9372
8000	1600	True	1337	0.961133333333	0.9376
8000	1680	True	1337	0.960816666667	0.9374
8000	1760	True	1337	0.9609	0.9371
8000	1840	True	1337	0.960833333333	0.938
8000	1920	True	1337	0.960616666667	0.9383
8000	2000	True	1337	0.960383333333	0.9386
8000	2080	True	1337	0.9602	0.9387
8000	2160	True	1337	0.96	0.9389
8000	2240	True	1337	0.95985	0.9384
8000	2320	True	1337	0.959616666667	0.9378
8000	2400	True	1337	0.959516666667	0.9382
8000	2480	True	1337	0.959233333333	0.9383
8000	2560	True	1337	0.959116666667	0.9381
8000	2640	True	1337	0.9589	0.938
8000	2720	True	1337	0.958666666667	0.9379
8000	2800	True	1337	0.958516666667	0.9375
8000	2880	True	1337	0.958333333333	0.9376
8000	2960	True	1337	0.958133333333	0.9377
8000	3040	True	1337	0.958	0.9376
8000	3120	True	1337	0.957983333333	0.9375
8000	3200	True	1337	0.957833333333	0.9376
8000	3280	True	1337	0.957866666667	0.9376
8000	3360	True	1337	0.957916666667	0.9376
8000	3440	True	1337	0.957883333333	0.9376
8000	3520	True	1337	0.95785	0.9376
8000	3600	True	1337	0.9578	0.9376
8000	3680	True	1337	0.957733333333	0.9375
8000	3760	True	1337	0.9577	0.9375
8000	3840	True	1337	0.957766666667	0.9375
8000	3920	True	1337	0.95775	0.9375
8000	4000	True	1337	0.9578	0.9375
8000	4080	True	1337	0.957833333333	0.9375
8000	4160	True	1337	0.957916666667	0.9376
8000	4240	True	1337	0.958016666667	0.9374
8000	4320	True	1337	0.958066666667	0.9375
8000	4400	True	1337	0.958283333333	0.9374
8000	4480	True	1337	0.958266666667	0.9376
8000	4560	True	1337	0.9583	0.938
8000	4640	True	1337	0.958333333333	0.9379
8000	4720	True	1337	0.958616666667	0.9378
8000	4800	True	1337	0.958733333333	0.9374
8000	4880	True	1337	0.959166666667	0.9374
8000	4960	True	1337	0.9591	0.938
8000	5040	True	1337	0.959383333333	0.938
8000	5120	True	1337	0.95965	0.9379
8000	5200	True	1337	0.959866666667	0.9374
8000	5280	True	1337	0.960283333333	0.9382
8000	5360	True	1337	0.960416666667	0.9381
8000	5440	True	1337	0.9604	0.9382
8000	5520	True	1337	0.96065	0.9382
8000	5600	True	1337	0.960983333333	0.9385
8000	5680	True	1337	0.961133333333	0.9384
8000	5760	True	1337	0.961383333333	0.9391
8000	5840	True	1337	0.96175	0.9391
8000	5920	True	1337	0.9618	0.9386
8000	6000	True	1337	0.961666666667	0.939
8000	6080	True	1337	0.962183333333	0.9392
8000	6160	True	1337	0.962433333333	0.9387
8000	6240	True	1337	0.96275	0.9388
8000	6320	True	1337	0.9628	0.9385
8000	6400	True	1337	0.963066666667	0.9391
8000	6480	True	1337	0.963266666667	0.9387
8000	6560	True	1337	0.963383333333	0.9386
8000	6640	True	1337	0.963833333333	0.9393
8000	6720	True	1337	0.963966666667	0.9389
8000	6800	True	1337	0.963833333333	0.9386
8000	6880	True	1337	0.964116666667	0.9382
8000	6960	True	1337	0.963916666667	0.9391
8000	7040	True	1337	0.963916666667	0.9395
8000	7120	True	1337	0.963933333333	0.9389
8000	7200	True	1337	0.963783333333	0.9385
8000	7280	True	1337	0.963533333333	0.9388
8000	7360	True	1337	0.963216666667	0.9369
8000	7440	True	1337	0.962516666667	0.9362
8000	7520	True	1337	0.9616	0.935
8000	7600	True	1337	0.9604	0.9348
8000	7680	True	1337	0.958916666667	0.9346
8000	7760	True	1337	0.9568	0.9329
8000	7840	True	1337	0.9537	0.9316
8000	7920	True	1337	0.948766666667	0.9295
8000	8000	True	1337	0.92375	0.9164
